0 12.37 19.21 31.06 22.20 16.76 22.83 11.66 24.21 34.01 12.08 20.88 41.87 26.93 36.01 13.89
12.37 0 15.30 37.01 21.02 28.07 34.93 22.20 16.28 28.07 10.63 24.76 50.12 37.66 35.47 21.02
19.21 15.30 0 49.68 36.06 35.36 35.01 21.10 31.00 43.01 25.08 38.28 61.07 45.65 50.60 32.56
31.06 37.01 49.68 0 20.40 21.02 37.12 37.64 32.76 31.40 26.63 12.53 15.03 17.89 18.87 17.20
22.20 21.02 36.06 20.40 0 25.50 40.22 33.24 12.37 14.21 11.18 9.22 35.36 30.46 14.56 14.14
16.76 28.07 35.36 21.02 25.50 0 16.49 18.03 34.01 39.70 21.84 18.03 27.20 10.30 34.44 11.40
22.83 34.93 35.01 37.12 40.22 16.49 0 14.04 46.10 54.04 33.30 34.01 39.85 21.59 50.70 26.42
11.66 22.20 21.10 37.64 33.24 18.03 14.04 0 35.81 45.62 23.71 30.00 45.22 27.59 46.27 22.02
24.21 16.28 31.00 32.76 12.37 34.01 46.10 35.81 0 12.04 12.81 21.02 47.68 41.00 23.35 23.09
34.01 28.07 43.01 31.40 14.21 39.70 54.04 45.62 12.04 0 21.93 22.83 46.17 44.29 15.81 28.32
12.08 10.63 25.08 26.63 11.18 21.84 33.30 23.71 12.81 21.93 0 14.21 40.31 30.02 25.71 12.04
20.88 24.76 38.28 12.53 9.22 18.03 34.01 30.00 21.02 22.83 14.21 0 26.93 21.47 16.76 8.06
41.87 50.12 61.07 15.03 35.36 27.20 39.85 45.22 47.68 46.17 40.31 26.93 0 18.38 32.28 29.15
26.93 37.66 45.65 17.89 30.46 10.30 21.59 27.59 41.00 44.29 30.02 21.47 18.38 0 35.38 18.11
36.01 35.47 50.60 18.87 14.56 34.44 50.70 46.27 23.35 15.81 25.71 16.76 32.28 35.38 0 24.74
13.89 21.02 32.56 17.20 14.14 11.40 26.42 22.02 23.09 28.32 12.04 8.06 29.15 18.11 24.74 0
